467176000
467176001
467176004
467176005
467176006
467176008
467176009
467176010
467176011
467176013
320706002
320706003
320706004
334511001
334511002
530054001
530054002
530054003
530054004
344928000
29577000
29577002
206381001
206381003
27208000
27208002
223157001
202748001
202748003
202748004
202748005
240960000
240960001
240960002
283772000
283772001
283772003
283772004
283772005
283772008
283772010
375232000
375232001
375232003
406097000
406097002
28389001
28389002
51887000
51887001
51887003
362852001
168953003
179599000
244299004
213361001
213361002
213361003
213361005
67412001
67412002
67412003
67412004
455157001
455157002
121260001
121260002
121260003
499618002
16497000
16497002
553968002
169808001
169808004
169808006
169808007
169808008
169808010
169808013
321071002
531499000
531499001
522751000
522751002
33532001
33532002
33532003
33532005
33532006
33532007
33532009
474862000
474862002
474862003
474862007
474862011
474862012
474862015
474862016
560623000
560623002
560623003
560623005
560623006
560623008
571215001
571215002
571215004
571215005
325568000
325568004
325568007
325568008
325568009
409088001
477750001
138728000
138728002
138728003
138728004
138728007
138728008
456865000
456865001
456865002
170519000
170519001
170519002
170519003
170519004
170519005
170519006
170519008
536154001
158660002
158660004
257965001
257965002
292931003
292931004
292931005
496334000
496334002
12887000
12887001
554828001
554828004
554828009
177486000
177486002
101172000
101172002
207860000
207860002
229317001
530278003
513604002
513604003
513604004
513604006
513604007
459182001
43218002
43218003
43218004
43218005
43218006
43218010
43218011
43218014
43218015
299288001
299288002
299288003
299288004
90284000
90284002
13867000
13867004
13867005
1525002
1525005
1525007
1525008
1525012
1525017
1525019
1525020
1525023
1525024
1525025
324390001
324390003
324390004
324390005
324390006
324390007
324390008
324390010
324390013
324390014
324390015
324390017
324390022
324390023
324390024
324390025
324390031
324390036
324390038
324390039
324390040
324390041
347389002
521088000
456236001
456483000
456483002
426842000
426842001
426842002
292991000
292991001
292991002
292991004
45844001
45844002
45844003
410380000
410380001
410380002
410380003
508917000
468487000
468487001
468487002
406211000
406211001
406211002
508538002
145728001
145728002
145728003
145728005
145728006
145728007
501023001
501023002
452917001
452917002
452917003
452917005
163728000
163728002
168416002
343413000
343413001
343413002
315249001
257657001
257657003
257657007
257657008
257657009
130291000
130291001
130291002
130291004
540869001
540869002
540869003
540869004
540869005
540869006
180411001
180411003
292118002
29833000
29833001
29833002
29833003
565296002
463070000
463070001
463070002
463070003
463070005
481115000
481115001
481115002
419074000
419074001
419074002
419074003
419074004
419074005
419074006
419074007
419074008
419074010
419074011
419074012
419074013
419074014
419074015
419074016
419074017
419074019
419074020
419074021
419074022
419074023
419074025
419074026
419074027
419074028
419074031
419074033
419074036
419074038
419074039
419074040
419074041
419074042
419074044
419074046
419074048
419074049
419074050
419074052
419074053
419074054
238488000
238488002
238488004
445267000
445267001
445267003
363887001
363887005
363887007
363887009
363887012
550055001
550055002
550055006
550055007
281353000
281353002
281353004
483994000
483994001
483994002
247407000
247407001
247407003
247407004
277614000
277614002
277614004
277614005
277614006
277614007
180751000
180751002
150703002
150703005
150703006
150703008
150703009
150703010
150703011
150703013
429174000
429174001
429174002
429174004
429174005
429174007
429174009
429174012
429174015
429174016
429174017
429174018
104544000
104544001
104544002
104544003
429281001
429281002
487482000
442549000
442549001
442549004
442549007
8351000
65533000
65533001
65533003
65533004
476872000
476872001
261062000
261062001
261062002
342490000
342490001
342490002
342490004
234914001
234914002
234914003
234914004
234914005
234914007
234914009
234914012
234914013
234914014
234914017
234914018
234914021
234914023
234914024
234914025
234914026
234914028
234914029
234914034
234914035
531324000
531324003
531324004
531324005
547854001
296056001
373577001
373577002
399905001
399905006
578654001
578654003
578654004
578654005
324891001
324891005
324891007
324891008
324891010
324891011
324891012
192904001
358494000
358494003
358494004
358494005
358494006
358494008
358494009
358494010
368218000
368218001
368218002
368218003
368218004
368218005
167017000
350648001
350648002
220808000
528705000
528705002
528705003
159742001
159742003
159742004
159742005
159742006
511420001
163755000
163755003
163755005
556462000
556462002
521370002
521370003
357194001
357194007
357194008
357194014
569016000
569016002
569016003
569016005
569016006
569016007
548201000
224554000
224554004
224554005
224554006
224554007
336320003
336320007
336320009
577065001
577065002
577065004
577065005
577065006
540762000
540762001
540762002
412966000
412966004
101762002
101762004
101762006
101762008
101762009
565431003
226571001
226571004
226571005
226571006
226571008
226571009
7276001
7276003
31280001
31280005
285882000
285882002
499903000
499903003
243341001
243341002
243341004
214565000
214565001
456323003
209829003
209829004
209829005
176446001
176446002
463611000
154213000
154213001
478723000
478723001
478723002
15778000
15778001
15778002
15778003
15778004
15778006
481285003
173598000
173598001
173598002
558388001
505573000
505573001
505573008
505573012
449039000
449039001
429833001
429833002
325969000
325969001
425266002
425266004
257458001
257458003
257458004
168746002
304876000
304876003
544299000
544299004
544299005
544299006
350340002
191000001
200717001
200717004
200717005
200717006
200717007
200717009
200717010
200717011
200717013
200717014
525420000
525420001
525420002
352496001
570169001
570169005
570169006
92801000
92801002
157019000
157019002
157019003
185046000
569900002
569900005
569900006
569900013
182820003
182820004
182820006
182820007
182820010
182820013
19763000
19763001
19763003
118109000
118109001
29170000
29170001
50239000
50239003
156324000
156324001
34571000
337488000
337488001
337488002
406315000
406315001
406315002
211707000
211707002
19447001
19447003
19447004
493728002
16896000
16896001
16896002
238700000
238700003
238700006
244737000
244737001
244737002
244737003
118594001
118594002
485822000
485822001
485822004
124707000
124707001
124707003
291038001
291038002
429761001
429761002
29020000
29020001
29020002
29020003
29020005
29020006
29020007
563697002
279140000
279140001
159311000
159311003
159311005
159311007
148444001
148444003
148444005
128280000
128280003
401240000
401240003
401240005
401240007
183166000
199017001
199017002
130555002
130555003
130555004
130555005
130555006
130555007
130555008
130555009
130555010
412304002
412304003
412304004
318561000
318561003
318561005
318561006
318561008
318561011
318561013
251537000
251537002
362138000
362138004
479586000
479586002
479586003
479586004
479586005
479586007
479586010
479586012
479586013
479586014
479586015
497928000
497928003
497928004
454495000
454495001
194440000
194440001
194440002
327314000
327314001
500257002
532690000
532690001
532690003
532690005
532690007
532690008
532690009
532690010
532690011
343692002
337443003
35976001
35976003
181947001
181947003
181947004
181947006
181947007
181947010
520437001
520437002
178715000
294776000
477112000
477112001
477112004
477112005
477112006
477112007
477112009
477112010
477112012
477112013
477112014
177539002
350160000
454388003
454388004
242060001
242060002
523426000
523426001
523426002
523426004
549136000
215114000
215114001
215114002
215114003
287545000
287545001
287545002
100850001
194875000
194875002
112573001
1626000
1626001
575867001
575867002
575867003
575867005
106113000
106113001
106113002
106113007
523517000
523517001
523517007
523517008
523517014
523517016
523517017
523517020
548498002
52591000
52591001
567755001
567755002
381134001
328797001
224702000
224702002
224702003
68434001
68434002
280888000
280888002
280888005
31717000
31717002
277717000
318543001
318543002
318543003
318543004
222283000
222283001
286671001
286671002
286671003
183657000
183657001
523297000
523297001
523297004
523297006
278890000
278890002
411832000
411832001
411832002
255529001
255529002
255529003
219622000
219622001
219622002
219622003
70370000
70370001
70370002
539439001
539439003
539439004
539439006
539439008
539439009
539439010
539439011
539439012
539439013
539439014
539439017
539439018
539439019
539439020
539439021
188522000
188522002
188522005
188522006
386819000
386819003
416787001
416787002
223090005
223090006
223090007
223090008
443963000
443963001
443963002
447237001
201043001
201043002
201043003
201043005
201043006
160834000
160834002
308487000
308487001
195918000
195918002
195918003
195918006
278006000
278006004
278006005
532055000
532055001
532055002
159463000
159463001
230661000
242566002
145665000
145665001
137586001
137586002
137586004
137586005
137586007
30998002
30998005
147415003
28872000
28872001
28872003
28872004
508656000
508656001
508656002
508656003
508656005
277932002
18358001
18358002
463084000
463084005
258399001
258399002
258399006
258399007
258399009
214491000
214491001
214491003
192247000
192247001
192247003
127873001
122051005
305206000
305206002
305206004
383359000
383359002
383359004
383359007
383359008
383359009
44250000
44250003
44250004
193021000
193021001
193021002
311082001
311082002
311082004
552945001
552945002
492609000
492609002
492609003
347228000
274629000
274629001
227032001
227032002
227032003
182840000
33830000
33830002
386637000
386637001
386637002
386637003
386637004
386637006
386637007
386637009
332627005
332627007
442305001
442305002
442305003
442305004
442305005
254143002
324040001
524387002
524387003
524387004
524387006
262275001
262275002
262275004
364636001
364636002
22002000
22002002
22002003
349918000
349918001
349918002
297249002
529507001
529507002
84530000
84530003
84530007
573527002
402869000
402869002
402869003
402869006
402869008
402869009
286654001
251590000
251590001
251590002
251590004
266932002
525666000
525666001
525666003
361551000
361551002
560675000
560675001
560675002
560675006
568090000
568090001
568090002
384981000
384981002
565041000
565041002
63740001
63740002
63740003
63740005
64474001
64474002
193388000
193388001
193388002
54334003
54334004
284421000
284421001
284421002
284421003
125084000
125084001
125084003
125084004
125084008
361157001
279838000
279838001
279838003
279838005
279838006
279838007
279838009
279838010
279838013
279838016
279838017
566234001
566234005
566234006
566234007
70351001
70351002
70351003
70351004
166037000
166037002
166037003
468604000
468604001
468604002
120535002
190760000
190760001
190760003
190760006
190760008
190760009
190760010
190760011
190760014
190760015
190760016
190760017
190760021
190760022
516026000
516026001
516026003
118615001
118615002
394940001
394940002
394940004
8473000
8473002
70769000
70769006
70769007
340637001
340637003
284350001
284350002
402786002
383611003
484681000
484681003
484681004
100723000
100723001
100723002
577783000
577783001
577783002
212525000
212525001
212525004
212525005
212525006
465878004
465878005
465878006
403863001
403863002
188028000
188028002
479596001
479596003
529806001
529806003
529806005
529806006
529806007
529806009
529806010
529806011
529806012
529806013
36487000
36487001
36487002
36487004
36487006
36487007
36487008
387539000
387539002
387539003
365851000
365851002
365851003
137538001
277955000
277955001
277955002
277955003
277955005
277955006
80340000
80340001
80340002
316522001
35677000
35677002
93686000
93686001
93686002
388858002
468997004
468997005
468997006
468997007
468997010
468997012
468997014
446428000
446428001
446428002
146730001
146730002
393805000
393805002
393805004
393805006
393805009
106661000
167898000
167898001
167898002
473936000
473936001
538775000
538775002
538775007
538775009
538775010
538775012
538775013
538775015
538775019
538775023
538775026
538775027
538775028
538775031
44520002
44520004
48554000
48554001
48554003
61722000
101933001
101933002
354242000
354242002
354242003
354242005
354242007
18575002
18575005
18575009
234595000
234595001
234595003
279386002
279386003
279386004
279386005
279386006
279386010
279386013
279386014
279386015
378548001
378548002
378548005
378548006
378548008
378548013
378548014
453138000
453138001
314812001
314812002
472375000
546424000
391321000
87956000
87956001
87956002
87956003
110562000
110562002
110562006
110562007
110562008
145019003
145019004
199516000
199516001
199516002
199516004
199516005
199516007
199516009
200152004
376521002
376521003
413552001
413552002
413552003
413552005
413552006
413552008
413552009
413552010
413552013
413552014
413552015
10142000
10142001
10142002
10142003
10142004
539141001
216944000
216944002
514083001
514083002
514083008
514083009
371945002
371945004
20111001
20111002
20111004
88640000
88640002
88225002
88225003
88225004
88225005
88225006
123070000
249158000
249158003
513283001
423830002
423830003
287560000
287560002
287560003
525927000
90616000
91402000
91402001
91402002
91402003
91402004
91402005
91402006
91402007
365103001
213429000
213429001
213429002
207019000
207019001
207019002
493905002
493905003
493905004
553962000
553962001
475593002
77997002
331329001
331329002
331329003
331329004
331329006
419856000
419856001
419856002
546976001
546976002
546976005
546976006
314685000
314685001
314685002
314685003
447733000
447733002
124390000
124390001
124390002
325043000
325043001
325043006
325043007
325043008
325043010
325043011
325043012
325043013
437664000
437664002
177167000
177167002
444869000
444869003
444869004
270609000
270609002
499537002
499537004
499537005
396167003
369791001
369791002
458424002
458424003
458424004
299039001
299039004
65008002
65008003
397518000
397518001
397518002
397518003
397518004
397518005
57091000
57091001
57091002
68205000
68205001
63804001
63804002
63804003
478055000
579759003
579759004
322149000
322149001
322149002
354132001
354132002
423005000
423005001
423005002
515126001
515126002
296014003
146785000
146785001
146785002
146785003
384152003
553869000
553869002
553869004
403096000
403096001
403096002
81552002
243955000
560000002
560000003
560000004
42628000
42628001
42628002
555005000
555005001
400046001
400046002
400046003
450357004
450357007
450357009
95295001
95295002
152158001
152158002
13892000
13892001
13892002
515586000
515586004
515586006
500507000
500507001
500507002
270354001
270354002
270354003
444152000
444152001
444152002
143252002
199855001
195204000
509497004
502055000
502055002
172616001
172616003
172616004
277587001
277587003
277587004
311068002
311068003
311068006
311068008
311068012
311068014
311068015
184400001
184400002
202228001
322357000
322357002
23821000
23821001
23821002
23821003
293057000
499615001
499615002
499615003
246717000
246717003
246717004
246717006
246717010
246717011
246717012
246717013
119547003
130262000
130262001
133146000
133146002
420958000
420958001
420958002
420958003
360449003
360449004
96638000
96638001
96638002
320632000
320632002
467931001
467931003
182167000
182167001
182167003
393212000
393212002
463406003
463406005
463406006
463406010
463406011
463406012
463406019
463406020
519182000
519182001
519182004
519182006
519182007
519182008
477805000
477805001
477805003
477805004
477805006
477805008
477805010
477805011
477805012
477805013
477805014
477805015
477805017
477805020
477805021
477805022
477805023
477805024
477805025
477805030
477805035
477805036
477805037
477805038
477805039
477805041
477805042
477805043
477805045
477805046
477805047
477805050
477805052
477805053
477805055
508230001
508230002
55868000
55868001
55868003
16193000
16193001
16193002
547783000
547783001
547783002
547783003
547783004
547783005
547783008
308889001
308889002
515056000
515056003
515056004
108152000
108152001
256518000
256518003
256518004
256518006
256518008
256518010
256518015
256518016
187776000
187776001
99927002
99927003
99927004
570110001
570110002
491131000
183187000
183187002
346985001
346985003
346985004
346985006
9807001
9807002
9807004
208971000
208971001
208971002
571550000
571550002
560298000
560298001
560298002
560298003
140987001
140987004
393583000
393583003
183677001
183677002
504932000
504932001
504932002
504932004
289469000
289469001
289469002
497439000
497439001
496485000
496485002
496485003
496485004
496485006
496485008
190494001
304083001
304083002
304083004
304083006
327401001
327401004
221725002
50561001
50561002
196248000
196248001
196248002
8718000
559166000
559166001
559166002
559166003
559166004
559166006
520572000
520572001
520572002
417193000
417193001
417193002
417193003
79024003
79024004
149371002
129855000
129855001
129855002
129855003
491653000
103306000
103306001
103306002
103306004
103306006
103306007
103306009
103306010
103306011
103306012
103306013
569729000
569729001
569729002
112770000
112770001
112770002
539498002
171915000
171915003
171915004
480652001
264683000
264683002
222430001
222430002
222430003
222430005
216417003
414857000
414857001
414857002
159608002
159608004
159608006
525247001
525247002
445439000
445439001
445439004
468632001
441543000
161112000
161112001
493652000
493652001
554767000
554767004
255769000
255769002
255769003
464274001
464274002
137265000
434867002
434867003
231691000
231691001
231691002
254653000
254653001
391225000
391225001
391225003
443887002
39671001
39671002
255718000
439969000
439969001
130812001
130812002
125404001
122047001
242452000
242452002
469169003
170658002
89047000
89047001
89047002
89047003
357948004
47149000
47149005
48037000
48037001
48037002
262565000
262565001
470370000
470370001
470370002
470370003
470370004
470370005
470370006
530466001
478155002
478155006
34020001
34020002
34020003
34020005
34020006
34020008
34020009
34020010
34020011
34020012
34020013
34020015
34020016
34020017
34020018
34020019
380300002
73333000
73333001
73333002
73333003
73333004
73333006
73333007
73333008
247123001
247123002
247123003
247123004
360721001
360721003
380011000
380011001
380011002
194277000
194277001
194277002
194277004
194277005
194277007
257791000
257791001
257791003
257791004
257791005
321217001
321217002
507273000
532686000
532686001
532686003
532686005
532686007
358750005
358750006
358750007
577887005
428178001
231097002
231097003
231097004
231097008
231097009
231097014
231097019
231097020
231097021
231097022
231097023
231097025
231097026
231097027
231097029
231097033
231097037
231097038
231097039
231097040
231097043
231097044
290269000
290269001
290269002
454907001
454907003
27731000
27731003
32766001
396051000
396051002
396051003
396051004
396051005
396051006
396051007
456725001
456725002
456725003
398604002
398604004
398604005
398604006
398604008
398604010
398604013
398604014
398604015
398604016
398604017
92016002
247838000
247838003
431854000
431854001
431854003
431854004
431854005
431854006
431854007
431854008
414750002
414750003
17003000
17003001
17003002
387463001
467580000
467580001
467580002
467580003
467580005
467580006
467580008
198805000
198805002
198805003
227985001
15746000
15746001
184789002
184789003
184789004
184789005
184789007
184789009
184789010
184789011
184789012
443630000
443630002
182903002
345884001
345884003
345884008
345884009
345884011
326658000
326658001
443450000
443450001
443450003
26697000
433547000
62020003
222908001
102906001
102906002
102906003
256505002
256505003
256505004
109679002
350148000
350148001
350148002
26393000
26393003
26393004
335328000
335328001
335328002
335328003
216320001
216320002
147404000
147404001
147404002
147404004
246199002
246199004
246199007
246199008
511760000
511760001
511760004
511760005
511760006
511760008
104747000
104747002
386370000
386370001
386370002
386370003
116696001
410493000
410493002
410493004
513993002
417085002
417085003
417085010
417085012
417085013
417085015
417085016
417085017
417085018
417085020
417085021
417085022
417085023
417085024
439015002
439015003
449198000
449198001
449198002
287994000
287994004
287994005
203370000
203370001
203370003
203370004
199908002
199908004
521259000
228135001
228135003
228135005
228135006
228135007
228135008
228135009
228135011
228135012
8179001
8179002
47769000
47769006
487843000
487843001
487843002
438497000
438497002
438497003
438497007
204549000
356236000
303818002
398746001
398746002
398746003
226147001
226147003
226147006
226147008
325064000
325064004
169602001
169602002
169602003
169602004
169602005
169602007
169602008
169602009
522418002
75884001
75884002
75884003
75884004
75884005
75884007
75884008
290595000
290595002
290595003
208423000
208423001
208423003
208423006
208423007
208423009
208423012
318124000
318124001
318124002
318124005
318124006
318124007
318124009
318124010
75673001
75673003
574184001
67419000
67419003
208050003
208050007
208050008
208050011
208050012
136328001
136770003
136770004
159832000
159832001
159832002
159832003
194184001
194184002
254491002
254491003
254491004
254491005
45516000
45516001
302964000
302964001
422350002
422350003
422350007
422350008
75786000
75786001
75786002
75786003
75786004
75786005
75786006
75786009
75786011
75786012
75786013
344548000
344548001
281317000
281317001
281317002
556349000
556349001
556349004
245660002
128679000
128679002
128679003
209142000
209142003
540180001
540180002
540180003
540180007
540180008
540180009
540180011
540180012
540180013
540180015
540180016
540180017
402823000
402823001
402823003
6397001
6397002
365655000
365655006
365655008
365655010
365655011
365655012
313176000
313176001
313176002
320370001
320370005
320370006
320370007
320370008
320370009
320370010
367579001
367579004
367579006
7211000
7211001
7211002
363134000
363134002
352480002
352480003
352480004
142127001
142127002
258860002
205883000
205883001
205883002
375554004
375554005
376939000
376939003
376939005
218587001
218587002
218587003
8688000
27969001
27969003
501875000
501875002
501875003
501875005
501875006
49133000
49133001
49133004
107228000
107228001
107228002
247984000
353970000
353970001
482100000
460286001
424208001
424208002
541952001
541952002
251404000
251404001
393578000
393578001
34115000
34115003
34115005
34115007
34115008
70943001
70943002
70943003
70943004
459000
459001
459002
459003
198139000
20788000
20788002
415648000
341620001
277518000
277518001
229216003
229216006
229216011
229216012
229216013
229216018
229216019
229216020
229216021
229216023
229216026
74132000
74132001
74132004
74132009
74132012
74132013
74132014
74132015
12881001
296222000
296222002
296222003
296222004
296222005
338094002
234500000
234500002
66700000
66700001
414884000
414884001
414884002
427997001
427997002
427997003
427997004
427997005
427997007
427997008
427997009
427997012
220511001
220511002
220511003
408008000
408008001
408008003
75327001
75327002
75327003
341227001
341227002
225312000
225312003
225312004
225312007
225312010
225312012
521098002
521098006
105689000
105689001
105689002
170992003
16995000
16995002
122996000
122996001
122996004
122996005
122996006
122996007
63965000
63965001
63965002
187036000
187036001
542962000
382210000
382210002
382210003
150677000
150677001
150677002
221083000
221083002
322141000
256160001
182240002
182240003
182240004
182240005
182240006
182240008
182240009
182240010
182240011
182240012
182240015
182240017
182240018
113570000
113570001
113570002
113570003
113570004
113570005
113570007
50245000
50245002
472034001
352755000
352755001
352755003
530875000
530875001
530875002
21993001
21993002
21993004
21993006
21993010
21993016
21993018
21993020
21993022
21993023
21993024
21993025
21993028
21993029
21993030
21993031
177893000
177893001
177893002
79634001
79634002
415619000
415619002
285005000
285005001
223955001
223955002
223955003
223955004
80010000
475779000
475779003
227901002
227901004
227901009
227901014
227901016
227901017
227901020
227901023
227901024
171595000
171595002
363840002
504813001
504813002
259497002
259497006
259497008
259497011
259497012
259497014
259497015
259497016
200939002
70657000
70657002
70657005
70657006
70657007
501385000
501385002
422729000
422729002
422729004
455741000
455741001
455741002
540733000
540733001
540733002
315909000
315909002
173125000
173125001
568281001
568281002
568281003
568281004
568281005
568281007
568281008
568281011
568281012
568281014
568281017
568281018
568281019
568281020
568281023
568281025
568281027
568281029
568281031
145488000
145488002
235791000
235791001
576582000
576582002
230450000
230450002
230450003
240903000
240903001
240903002
400152000
43286002
43286004
43286006
43286007
43286009
43286010
43286011
43286012
510871001
510871002
337506000
337506001
337506002
318066001
33798003
33798005
33798010
195172001
424174000
424174002
424174004
273551000
530162001
167588002
167588005
167588006
167588007
167588008
167588009
368978000
368978003
368978004
30353001
30353002
30353003
30353006
30353007
30353008
479938000
479938001
479938002
479938003
14151000
14151001
14151003
438185001
458903005
94306000
94306002
451120000
451120001
451120003
164983001
164983002
462663000
462663001
462663002
128586003
128586004
253924001
253924004
253924005
253924007
512070001
466339001
295599000
295599001
295599002
295599003
4355003
4355004
4355005
320780000
320780001
320780002
39760000
39760003
39760004
39760008
51495001
51495002
51495004
252857001
507167001
507167002
507167003
507167004
141574001
141574004
550349001
550349003
550349004
208946000
208946005
208946007
208946008
208946010
208946013
208946016
20541003
159791000
159791001
159791002
79955001
508247000
508247001
508247002
88183000
88183001
88183003
88183004
88183005
88183007
88183008
88183012
165686001
371414000
528142000
528142001
528142003
528142004
290416001
290416002
558677001
478868000
478868001
478868003
100404001
100404002
100404003
100404004
100404006
330932001
414133000
414133001
414133003
414133004
56580001
56580002
153344001
153344002
144157000
144157001
144157002
144157003
144157004
370285002
125958000
125958002
125958003
125958004
125958005
125958006
125958009
125958010
125958011
125958012
125958013
306755000
306755001
306755002
365133000
365133002
488374001
488374002
170442000
170442002
170442003
20632001
182755005
191013002
191013005
564301002
564301005
310479002
321663002
321663003
321663004
321663005
45536001
45536002
189740000
189740002
209782002
209782006
209782009
209782010
147236002
147236004
147236005
147236007
84442000
84442001
360902001
413278000
413278001
413278002
440037004
360143004
129852000
129852002
41574001
41574003
41574007
486905001
31339001
31339002
61943000
61943001
61943003
61943005
61943006
61943007
61943008
185409000
58157000
58157003
58157006
58157010
516798001
516798002
516798003
516798004
10077000
10077001
10077002
10077003
125873000
125873003
125873005
543203000
543203003
272955000
272955001
272955002
272955003
283412001
283412003
283412004
557819001
557819002
99348001
99348002
99348004
99348005
99348007
99348008
99348010
99348011
513585000
513585001
358617002
263463001
538891000
538891001
538891002
538891004
538891005
538891008
456053002
456053003
456053004
292140000
292140002
292140003
292140004
292140006
409491000
409491001
409491002
18058001
18058002
207056000
207056002
542089001
542089002
121016000
121016002
449150002
449150005
449150006
301011000
301011002
376322005
32081000
32081001
154425002
154425003
362127002
383462003
383462006
383462007
383462009
383462010
383462011
383462013
383462016
383462017
383462020
383462021
383462028
383462029
383462030
383462031
383462032
26879002
490280000
490280004
490280006
490280008
490280009
490280010
490280011
490280012
490280013
490280017
220307000
220307001
220307002
500079001
565563001
32990000
32990001
32990002
489719001
489719002
523175000
450313002
372633000
372633001
372633002
283097000
283097001
283097003
283097007
330604001
330604002
333286000
371326001
371326002
281929000
248655000
248655001
248655002
279083001
279083002
279083003
284764000
284764001
284764002
203081000
203081003
203081005
203081006
203081007
203081008
203081010
203081013
96351000
96351001
96351002
96351004
96351005
96351006
96351008
96351010
96351011
96351012
520982001
520982005
505385000
505385002
356787002
510449000
510449001
510449002
339442001
339442002
339442003
540760000
540760001
540760002
549629000
549629001
549629002
549629003
549629004
549629005
350607000
181026000
181026001
181026004
190595001
190595002
190595003
536416001
536416003
277592001
140713000
140713002
140713003
140713004
140713006
140713011
140713013
140713015
140713018
209062001
209062003
465092000
465092002
257992000
257992002
507312000
507312001
507312002
342869002
342869004
64155002
327532000
327532002
418692003
418692004
418692006
418692008
34708000
34708001
34708003
34708004
34708005
34708006
293378000
293378001
293378002
293378003
104801002
104801003
104801004
104801005
104801009
104801011
502163000
502163001
502163002
502163004
502163005
502163006
502163007
25346000
25346001
25346003
25346004
25346006
25346007
25346008
136681000
136681001
346232001
346232003
338007000
338007002
338007003
363527000
363527001
363527003
73981000
73981002
73981004
73981005
292997002
292997003
218886000
218886001
388983000
388983001
388983002
145542000
145542001
145542002
145542004
145542005
145542006
145542007
134811000
134811002
134811004
