459182000
266932000
3035002
360001
528962000
528962003
527529001
524456000
4359000
393659001
999000
999001
999002
266176001
266176006
393647004
393647006
528269001
393979001
528731000
528731003
264855001
397994000
394133000
394133001
394133002
394133006
394133008
525559000
264124003
264124004
527363003
525988003
525988004
525988007
525988012
525988014
525988020
525568010
525568012
525568013
525568015
526728002
135275003
134160000
262587000
262587001
262587002
262626002
262626003
135900000
135900002
526456000
526456003
262505001
396302000
134328003
134328004
134328006
262148000
262148001
262161003
262161006
262161010
262161013
262161015
262161019
397351001
397351002
524844001
524844003
524844007
524844010
524844011
524844017
810000
4620001
527163001
397041001
4749001
132703002
715005
715006
437205000
437205001
437205002
437205003
437205004
437205006
437205011
437205013
437205014
437205015
437205018
437205019
437205020
437205022
437205023
437205024
437205026
396094000
396094001
524725001
480173000
480173002
480173003
480173004
480173006
480173007
480173008
3156000
3156001
3156002
264976000
526132000
526132001
4283000
4283001
4283002
528091000
528091002
397211002
328504000
394458002
133291002
527962008
528738003
528738004
528738005
528738006
528738011
528738012
395717003
526962001
526962003
526962005
526962006
526962010
526962011
526962016
135673004
135673006
135673012
135673015
135673016
764000
764003
87875001
4395001
528276000
528276003
528276004
262509001
262509007
262509009
264420000
264420002
264420003
525899000
525899002
294007
294008
294011
294012
294013
294015
527580000
527580002
527580003
524638002
526801002
397404000
397404003
397404004
262654002
262654003
262654004
527573001
133034000
133034001
133034004
133034006
135524000
135524001
135524002
394611003
394611004
394611005
265597003
396727000
396727002
135057000
135057003
134288000
134288001
134288002
134288003
134288004
134288005
1270002
131361012
263178000
397786006
397786007
397786008
266627000
135690000
266853002
397151000
397151002
265085001
524333000
134010005
134010006
134010008
134010009
134010011
528977000
528977002
131494000
266099006
266099009
266099010
266991001
266991002
266991003
266991004
266991005
266991006
266991008
528062001
2822000
4069002
525162001
525162004
133061002
528972001
528972002
396821001
396821002
132544000
397863003
262800008
262800009
393372005
393372006
393372011
393372012
393372015
393372020
135579000
1296001
1296002
392967001
392967003
526940002
526940003
266348001
266348004
349697000
349697002
139684000
139684003
397045001
397045002
264805000
264805002
264805003
264805004
264805005
264805008
529102000
529065001
529065002
529065003
397842002
524957000
524957003
395462003
393547001
393547002
1398001
371864003
192000
1089001
1089002
263011000
396608000
397483000
397483001
133821002
134194001
66154000
66154003
66154004
1655001
1655007
3145000
3145001
132733002
265552002
265374000
265374001
265374003
265374004
3217002
262360001
262360002
134278000
3693002
526767002
526767003
526767004
3134000
135572002
135572004
135572006
135572007
135572009
135572012
135572013
135572014
132084004
397613000
397613002
393243001
393243003
528314003
266278000
528046002
396736002
396736005
396736006
396736007
139001
139002
525083001
536000
536002
536007
536008
536010
536011
536014
536015
536021
536026
536027
536029
1176000
1176001
1176003
397042001
397042002
267035002
267035004
266727001
264238000
264238004
264238006
524850001
2191000
2191001
2191002
2191003
2191004
525202001
525202002
44260001
3553003
4497004
263146001
263146003
372161003
526222001
266889003
873002
873003
263299000
263299001
263299003
395849001
395849002
395849003
396617001
135155000
135155001
135155004
135155007
135155009
135155013
135155015
263966000
132554001
132554003
132554010
264686002
2149000
2149002
3779000
395290000
395290001
395290003
395124001
395124007
395124008
135361000
524742000
524742001
393928003
393928005
524535001
524535002
393710002
525376002
265069003
263780001
263780002
263780007
263780008
2295000
2295004
22236001
4916000
4916001
4916004
393410004
393410008
393410010
131611001
131611003
131611004
131611005
131611010
131611011
131611013
131611016
3084000
135708002
132814001
486003
528318000
528318002
528318004
568630001
1029000
1029002
4243001
1948000
1948002
257000
265063001
265063005
44309002
525667000
525667001
132776000
526580000
526580003
526580011
526580021
526580023
526580029
526580032
394715011
394715012
526044003
526044014
526044019
526044020
526044021
526044022
526044024
526044027
526044033
526044035
135680000
135680001
135680002
397117003
397117004
397117008
266041000
266041001
266041002
134098001
134098002
134346000
134346002
394352000
394352001
394352002
524533002
502766002
134503001
527995000
527995002
262323000
262323002
699002
134178001
264121000
264121001
264121003
131493001
131493004
109992002
109992003
396217000
396217001
396217002
395230000
395230001
395230002
133476002
133476004
133476010
133476011
133476014
427782000
266579000
262987001
526319001
1138000
1138001
1138006
134386001
134386003
131282003
526321001
526321004
527025000
396543002
396543003
133827006
133827014
133827016
133827017
133827022
134815000
135497000
135497001
131539005
131539010
969000
969001
969002
969005
969006
969007
969008
969014
969015
526359002
526359003
885001
885002
885004
885005
885006
885007
885008
885011
885013
885016
885017
885020
885021
885022
885025
885026
885027
885028
885029
885030
266370000
266370002
266370003
524822001
524822004
524822005
524822007
524822009
524822010
524822011
524822015
524822017
1340000
1340002
3109001
529166001
264968000
264968006
4554000
4554002
218646000
218646001
266920006
131815001
131815003
131815005
131815007
135578000
135578005
135578009
135578013
135578014
175539001
175539002
568508003
445200001
445200003
445200004
445200006
265574001
265574002
265574004
265574005
265574006
265574008
524889003
132223001
262594000
132652000
132652005
132652006
132652007
132652009
132652010
132652013
132652017
132652019
132652021
132652023
265151001
395324001
395324004
395324005
395324007
395324009
395324010
524887003
524887004
393692000
1563000
265256000
265256001
265256002
135266000
528011001
266070006
266070010
393277004
393277015
393277016
135029000
135029002
135029004
135029005
135029006
135029008
2521003
2521006
2521008
2521012
2521017
132682001
132682003
133002
528643001
526418000
526418002
264962001
264962002
131527002
131527003
528956000
264461001
264461002
283785002
133237003
263323000
263323002
263323003
263323005
263323006
175151001
263393004
401623003
133556001
133556002
3690000
3690001
528811000
528811001
262940000
262940001
262940002
525546000
397135001
131714002
134290002
527558002
415413000
525354001
263258000
263258001
263258002
263258003
263359001
263359004
397318001
397318005
397318009
397318013
397318020
397318022
22461000
4936001
4936002
134555000
134555001
358039001
358039005
358039006
133867000
133867001
437010000
437010003
265789001
265789002
525763001
2592000
2592002
2985000
2985001
2985002
2985003
2985004
2985006
2985008
397734002
397734004
397734005
397734006
264599000
264599005
2562004
675001
133412000
133412001
626003
265372003
265372005
265372012
265372020
265372028
265372032
265372033
265372034
265372035
265372039
66320000
135117002
133631000
264032002
264032004
264032005
393982001
393523003
397352000
397352004
2532002
2532003
2532004
524627002
395006003
524694003
134066000
265462001
393840000
3716002
3716003
131171001
131276001
131276002
65773002
393720000
524450000
524450004
524450006
524450009
524450012
524450014
524450017
524450019
524450023
524450024
135076000
135076001
135076004
397291001
397291002
88120000
88120003
133327001
131295000
131295004
131295005
393804000
528184001
528184002
525619000
525619001
525619002
134343000
134343002
394033003
526645004
395463005
1852000
1852001
1852002
133927001
133927002
133927003
133927005
133927010
133927012
133927013
397665005
393421000
133923001
133923003
393777001
393777004
1103001
525849002
525849003
2061003
265879000
397512000
397512002
397512006
397512007
397512010
397512011
397512012
397512014
397512017
397512021
397512026
397512028
397512030
397322006
43753001
43753006
1404002
394892002
396693002
265125000
131557001
131557002
131557004
131557005
527313000
527313001
527313002
527313005
393423000
393423001
393423003
393423004
393423005
393423007
132702002
74002
132272000
305609001
264660001
264660003
265433003
265433007
265433009
8888001
8888002
527270001
527270005
527270006
4764007
4764010
2142001
2142003
524392000
133933003
133933004
133933005
133933009
133933011
133933018
133933020
133933026
133933032
133933033
133933035
4092002
525058000
525058001
525058002
525058008
265243000
265243002
526197003
394418000
134075001
134075002
134075003
135319002
528225004
528225005
528225007
528225009
528225014
528225017
528225019
528225024
528225025
528225027
396542002
396542003
132042002
135872000
525705001
525705002
393569001
393569002
568040003
568040006
131627000
131627002
174989002
135116000
135116001
135116008
1146001
1146003
1146004
1146008
1146009
133963001
133963002
395363001
395363002
397268000
397268001
4736001
134594002
134594006
134594007
4227000
131725000
131725002
262993000
262993003
393836000
131159002
135158001
133042003
133042008
133042012
395865001
395865003
267112001
267112002
263647000
525702002
525702008
395405002
395405003
4772000
4772001
262235000
262235002
262235004
262235005
262235006
393284001
393284002
393284003
393284009
393284012
393284013
393284015
133161001
133161005
133161006
528261007
395557002
266082000
266082001
266082002
135411001
4256005
4256007
525183000
525183002
133195000
135139000
135139002
135139005
135139006
2157000
2157001
2157002
528575001
525170000
395046001
526536000
526536003
526536004
134691001
527784001
527784002
3590000
132499000
528496002
529069000
529069005
623000
132860000
328430001
397475008
263068002
133596002
134760002
264338000
264338001
3934000
3934004
528729002
415325000
264201002
134133000
132791002
372009005
266491001
266491002
525371003
132375000
132375001
132375002
132375003
2753000
2753001
2753002
66263002
66263003
66263004
528030002
262229000
262229001
262229003
262229004
262229006
527961001
2302001
133680002
133680008
3595001
484551001
484551002
262658000
306212000
306212001
306212002
527060000
527060002
134542001
1490001
1490003
4754004
3378001
3378002
264961000
134703000
134703007
131841001
131841002
474000
474001
525119000
525119001
525119004
525119005
525119006
525119007
262609006
262609007
262487000
262487002
394288000
132067000
132067002
527631004
527631007
527631008
527631010
527631013
525600000
568191000
568191001
568191002
527510001
527510002
264730000
264730002
264730003
724003
529235001
529235002
131800000
131418001
394132000
394132001
394132005
264568001
264568002
526555003
526555004
3466001
1584001
1584004
1584010
1584014
394240001
394240003
262274000
262274001
262274002
262274003
527098002
527098003
527193001
527193002
527193003
527193004
546702001
546702002
546702003
546702004
546702009
546702011
546702013
546702015
397001
397002
262347002
398045000
398045002
394773000
394773002
394773003
134074002
136033002
131556002
132136005
132136006
132136007
132136008
528720004
528720006
528714000
524595001
524595002
526778000
135978000
135978001
263834000
134213000
264654000
132336000
132336002
132336003
132336004
132336012
415872000
415872002
133964001
135681002
135681003
135681004
264017000
527704001
527704002
134001001
133619001
133619002
134119000
134119004
134119008
134119013
134119014
134119019
546191002
484584001
393814000
393814002
395379001
395379002
395379004
264554001
264554002
133000007
133000009
134870000
134870001
22382000
22382002
3103000
3103001
3103002
3103003
265059001
265059002
263351000
263351003
263351004
263351005
262703000
262703004
263211000
263211001
263211005
263211006
527528001
527528003
133233002
4688000
4688003
266124000
266124002
525542004
525542005
153013002
306159000
306159002
306159003
393811000
525373000
525373001
525373002
525373004
398007000
398007001
398007005
133002001
133002005
327383006
327383007
527040002
393266000
393266002
526762000
526762002
262686001
262686003
262686005
262686006
1292001
1292002
1292003
528966001
134618001
524601002
524601005
524601008
524601009
524601012
132689001
132689002
395452000
395452002
396205002
396205003
396205005
396205006
396205007
396205009
395801000
395801006
196759000
196759002
196759003
196759004
132189001
132189002
133142001
576200001
872003
132408002
4495000
4495003
4495005
4495006
35076002
2529000
2529009
262617000
262617001
262617002
1244000
223468001
264424001
264870001
143000
143002
395113001
395113002
395113004
395113005
395113006
328499000
528905000
528905005
528905007
528905009
528905011
528905015
528905017
526401002
526401007
2839001
2839002
263796000
398138012
398138014
398138017
394957001
73001
73002
262873000
262873004
262873006
135037001
135037003
135037004
135037005
393874001
393874004
393874005
393874006
393874007
527215000
527215002
396863001
240301002
263679000
263679003
263292002
525732001
525732002
264535000
264535002
524436001
524436003
4275000
262334002
262334003
133778001
133778002
133819001
1342001
1342002
1342011
1342015
1342018
1342019
1342025
1342026
1342027
1342031
1342032
1342039
1342044
1342045
1342048
1342050
1342061
1342063
1342071
1342074
1342077
1342079
1342083
1342088
527102002
395644000
525087002
263268001
398148002
175096000
175096001
175096003
396676000
396676001
396676005
396676009
135671000
382345002
382345003
502001001
502001002
527248002
527248003
527248005
264853001
264853002
264853003
264853007
264155000
264155007
394002001
488942001
488942007
528458005
528458006
395344001
526933001
396820000
396820002
396820004
396820006
396820007
266611000
266611003
525665003
525665004
525665006
525665008
525665011
525665013
393469002
2164001
2164004
3983000
240173000
240173001
240173002
262175002
266379000
266379001
266379003
266379004
133051000
527219003
527219004
527219005
131416001
131416002
526364002
526364004
568653000
526956001
262576001
262576003
2235000
2235001
262200001
526837001
526837002
526126000
526126003
526089002
265635002
265635003
265635004
393838002
393838004
393838005
132615000
132615001
133636001
133636006
135483001
135483003
132024002
132024004
132024006
132024007
396997000
396997004
396997005
525106000
394131002
394131003
133537001
153249001
153249003
394941003
394941005
394941006
265628000
265628001
265628002
263251001
397587004
132393000
1757000
827000
133251001
133251003
133251006
133251013
133251014
133251017
133251018
133251021
263973000
263973001
263973002
263973007
395382000
395382002
265777000
265777002
4175001
131152001
569005
569007
265611002
395606004
4765001
4975000
4975002
527497002
527497003
527497007
527497009
328421002
328421003
328421005
328421006
328421009
267088000
267088003
267088005
544000
544003
544006
544010
544014
544015
544019
135748001
22628000
22628002
22628006
87489002
87489005
87489006
263881002
397225000
397225001
397225002
394328001
262242001
262242003
263594002
397628001
397628005
397628006
397628007
187695000
187695001
187695002
187695004
529105006
397729000
395083001
395083009
395083010
2881002
134459002
134459004
1592002
197420001
529004003
757000
757002
757009
757014
528951000
528951003
3488000
3488001
3488002
3488004
3488005
3488007
131743001
398153000
398153002
393995000
393995002
396518000
396518001
396518002
134649001
134649013
134649014
135281002
131617000
131617001
131617002
205253000
205253002
4731002
135785002
266712001
266712005
266847000
266847002
266847003
4438000
263223003
263223004
263223005
263223007
263223008
525381001
396404000
396404001
396404003
459303003
528527001
546934005
134722000
134722004
1590000
1590002
132037000
132037002
135486001
135486003
135486005
135486006
135486007
528525000
528525001
528525002
528525003
135167000
135167002
135167003
1856001
1856004
175082000
525211002
397101001
397101002
397101003
527885001
527885003
527885004
502749002
394608002
21900000
133380000
133380001
133380002
524637003
264718002
264718005
264718007
1667002
133050002
133050004
526028005
131920001
4375004
525184002
263723000
481214001
481214002
481214008
395291002
395291004
395291006
395291007
397742000
263288000
263288002
263288003
8771002
8771003
8771004
22403000
264279004
133470001
133470004
133470006
395289001
395289002
265872001
526704001
526704002
393511001
397089001
396966001
263664002
263664004
397354001
134715001
134715002
266768002
266768003
1682002
1682005
1682006
3932000
3932001
3932002
4760002
3837000
3837001
265153001
265153003
133343003
393411001
393411002
134551000
134551003
134551005
134551006
529151001
529151002
3939001
219174002
219174004
219174006
394517001
525118003
529256000
529256001
529256002
131131000
131131001
306108004
394320000
394320002
525344002
525344003
262986001
262986002
134940001
357916001
357916003
475813000
263961000
263961001
263961002
3244002
393743002
43816003
43816006
43816012
43816013
43816016
43816018
43816019
43816023
43816025
43816028
133104000
1464001
1464002
398066001
398066002
398066003
415408000
415408002
415408005
415408006
415408008
415408010
131938000
131938003
197262000
262531001
262531003
527603004
527603006
527603009
264268000
264268001
175494001
175494005
175494006
175494008
175494010
175494012
524502000
3832003
265200001
265200004
262325000
262325003
398188002
398188004
395283001
395283002
395283003
4079003
4079006
266443002
526721000
526721001
526721002
396580001
396580002
394801002
526892000
2171000
2171001
2171002
133485002
133928002
133928007
133928008
133928009
3014001
3014002
241004
132861003
132861005
132861007
393794001
393794002
527486003
527486005
395752000
395752003
525682000
264423001
264423002
1353000
1353002
2153002
396903000
4246000
527535002
632001
632004
632005
632009
632010
632011
133690000
133690001
133690002
133690003
133690006
263355001
263355002
263163003
133060000
133060001
133060002
133060004
289813000
205196001
262677000
262677003
4125001
4125002
4125003
4125004
4125006
546203000
395514003
527023001
527023002
527023003
240323002
528488001
263382000
263382003
527022000
527022006
397639000
397639004
397639005
397639006
397639007
135424000
135424003
135424004
524642001
524642005
2525001
69914000
69914001
69914004
69914006
69914009
69914010
69914011
264454000
264454002
528936000
393497000
134366000
134366002
2453001
2453002
134285000
985009
985010
985012
985014
985015
985017
985019
985020
394322000
134935003
262746002
571847000
571847001
528462002
528462004
263403001
2006000
2006001
2006002
2006005
761001
761003
761005
4396001
131847000
131847002
175102003
1987002
398005000
396200000
396200002
396200005
396200011
396200024
802000
802002
802003
397063001
397063002
263612000
263612003
263612007
525646000
525646004
525646006
529159000
529159001
284674000
284674002
394199000
394199001
132143002
262404000
262404001
393971001
393971002
1063004
132982000
528862000
357002
262736000
262736001
262736003
262736004
263136000
263136002
263136006
263136007
395621004
395621007
526342000
526342003
526342005
526342007
1000000
527828000
527828002
398067002
4551002
396568006
396568007
266866001
266866002
264382000
264382001
264382004
264382005
133090000
132578000
132578001
526800000
396410000
396410001
396410002
134460002
283001
283002
283003
283004
135561008
135561014
135561016
135561019
135561020
135561021
135561023
135561025
133386000
133386003
133386004
133386006
133386009
133386010
133386015
133386021
132622000
132622002
262440000
262440001
262440002
262440003
262440010
262440012
262440013
397636001
397636005
397636007
175417001
395978002
395904001
395904002
395904003
393288000
264441000
264441002
1369000
1369001
528136004
528136005
528136017
528136020
528136025
528136035
528136038
528136046
265742000
265742003
265742005
134413000
134413002
134856000
134856001
134856004
134856006
134856007
134856010
134856012
134856014
134856022
134856023
263969002
263969003
262396000
262466002
262466004
262466005
527906001
527906002
527906003
527906006
393864004
393864005
393864006
133622000
133622001
133622004
133622006
133622007
133622008
524577006
524577018
524577022
524577023
524577026
131280000
131280001
525762000
525762001
525762002
525762003
394724001
394663002
266977001
266977002
133125002
393942000
393942002
131581002
131804001
131804002
262895003
262895008
262895014
153307000
266437000
266437002
134223001
134223003
134223005
133995001
133995002
22498001
262162001
262162011
262162017
262162018
262162021
262162023
262162027
1153001
1153003
1153005
1153009
1153012
1153013
393674002
393674003
263412000
263412002
397377001
393557000
393557002
331856001
331856002
331856007
331856008
331856009
331856010
331856016
331856017
331856022
331856026
331856028
331856029
331856030
394909003
528232002
526256001
526256003
2154000
2154002
196885001
196885002
196885003
196885005
196885006
196885007
263052001
263052003
393338001
393338002
394681002
526486001
459272002
459272004
459272006
265950003
262197000
262197001
262197007
262197008
262197009
262197011
264161002
264161004
262810000
266951001
266951002
529020001
529020002
529020003
529020006
962001
962002
131207000
131207001
131207004
131207006
527733000
527733001
528331000
528331001
528331002
528331003
564002
527616000
527616002
135256000
135256001
527407001
134574000
134574002
134574003
134574004
134574005
134574006
134574012
134574013
1393000
395749000
3703001
397773000
263477000
263477002
263477006
265550000
265550001
394840000
240455001
528404000
528404001
528600000
528600002
459440002
459440005
459440006
529187002
529187005
529187006
3849001
3849003
133098000
133098001
396387000
524621000
524621007
524621008
524621009
524621014
524621017
524621019
524621021
524621022
524621024
524621027
131597001
526353001
526353005
1818002
134768000
134768002
428000
428002
394904000
394904004
262985002
568690000
568690004
568690005
772000
528604001
528604002
528604004
528604007
528604009
528604010
528604015
528604018
528604020
264482003
394659000
394659002
1903000
396692011
132931001
131273000
131273001
284648001
284648002
398119000
398119001
398119002
525024004
525024007
525024008
525024011
4212000
131882001
131882003
284698000
284698002
397658000
397658001
263177001
528364000
528364001
525077000
525077003
395388001
264222001
264222002
262371001
262371002
262371003
262371005
262371006
262227001
262471001
262471004
262471008
131390002
131390003
4509000
4509002
2972002
2972004
133693010
133693011
133693014
133693018
133693022
133693024
546928002
1577002
1577004
265916001
2212004
524665002
132121000
132121003
132121004
265677002
398028000
264336001
264336003
134103000
134103002
134103005
132288000
132288003
4108003
219271003
3310000
3310001
3310002
3310005
3255001
590000
1436003
1436005
1436006
1436008
394533001
131661001
131661002
131661005
265771000
132612002
1675000
1675002
266562001
527064000
133131001
133131003
394246002
3425002
3425003
524361001
524361002
153717002
153717003
132116002
427783000
427783001
427783002
264385006
266981003
524681002
524681003
524681006
393858000
132509001
263828003
263828006
526711002
134882000
134882002
264787000
524536005
134096000
135972001
263120002
131869000
131869001
131869002
262460001
301326000
301326002
1993001
393513005
136021004
134537001
134537002
134537003
524979000
524979002
265648001
395343001
263929000
263929003
263929004
263929005
359000
4211003
42000
526371000
396972000
396972001
396972003
133567001
132182002
394259001
397166002
397166005
393226001
393226002
397287001
133559001
528980000
528980001
528980003
262605000
262605010
397617001
397617002
394635000
394635001
394635003
134042002
135478004
135478006
436936000
436936002
131431001
131431002
131431003
134558004
134558005
4386000
4386001
4386002
306415002
397303002
397303005
661004
4021002
135410002
395001
134552000
134552002
134552003
528311001
4498000
4498005
4498007
4498009
4498010
262738004
264771000
264625001
264625004
525869001
1425001
264375000
264375001
264375002
4392002
4392004
4392005
393282001
393282003
393282009
393282010
393282011
398158000
132587000
132587002
132587003
3501000
3501001
3501003
3501004
264769001
132328002
135161001
135161002
395402002
395402007
395402008
1960002
264180001
131965000
131965001
131965003
131965004
131965006
135902001
135902004
134167001
134167002
127451001
196000
525050003
525050005
525050007
525050010
525050013
525050017
525050019
262386000
262386003
262386007
262386009
262386010
262386014
262386017
262386019
262386023
262386028
262386032
262386033
262386035
262386037
262386038
262386040
262386042
529041001
529041002
529041003
529122000
529122002
393809000
393809001
393809002
393809003
393809005
393809011
393809014
393809016
393809017
264659000
164001
164003
396541002
396541010
396541012
396541014
396541016
394510000
394510001
394510004
394510005
394510007
394510014
394510015
394510019
394510023
394510024
394510026
394510027
65948001
528866004
3947001
3947003
3947005
3947009
3947012
3947013
153392000
414663001
414663002
2434000
3694001
132706000
132706002
264753001
264753002
264964000
775003
775006
775007
328000
2759001
263668001
776000
776001
776003
776004
398174001
398174003
524382001
3580000
3794001
134322001
397403002
397403004
133648002
133648003
1599000
1599003
133629001
133629002
133629005
133629006
133464000
589000
589002
589003
589010
589011
589012
589013
589014
589016
241124002
263014000
263014001
263014007
263014009
263014011
263014012
263014013
131089002
4286002
527845000
527845001
2587000
3661001
524611000
524611001
136001
136002
526955001
527029002
135436000
133571000
133571003
133571004
134483001
134483003
134483005
134483008
134483009
134483010
134483011
134483012
134483013
134483019
134483020
2388003
2388005
527783000
527379001
265636000
265636001
265636007
265636009
284641001
284641006
528821000
133210001
133210002
2613001
2613005
2613006
2613007
2613009
2613011
2613012
510657004
132953001
525021004
132132000
528200002
397857003
262608009
397279000
397279002
22103000
22103003
396779000
263613002
526021002
2640000
2640001
437145000
266363001
266363002
525369005
525369007
525369008
525369010
219260001
219260004
527994000
264540000
264540001
264347000
264347001
240972004
240972006
527375001
527375002
394275000
394275004
3125002
2988000
2988001
397309000
397309002
262284000
262284003
525208000
398031002
393682001
393682003
384101001
384101002
263202000
263202001
263202002
396851001
396851003
265579001
265579002
528386001
263793000
396324004
396324007
134575002
266434002
266434003
135670000
135670002
133377004
133377005
133377007
135071001
135071002
135071003
135071006
2894000
2894004
134926001
134926002
134926003
371910000
371910003
371910004
371910005
265066000
265066001
133707000
133707001
133707002
133707003
264013002
264013003
641000
641003
2431001
1180002
526425001
526425002
526425003
415001
481314002
109888002
109888004
394841000
394841002
235784001
235784002
235784003
263696002
263696003
263696005
528176000
393984003
1228001
1228002
264948000
264948003
264948005
132644001
526723000
526723003
526723005
526723006
526723008
526723010
526723011
526723012
394050000
394050002
526368002
527464001
396768002
529096002
134886000
134886005
134886007
134886016
134886017
134886020
134886021
134886022
134886024
265003003
265003005
132992002
397008000
397008001
397008002
397008004
265378000
265378002
265378003
266409001
266409002
264506004
264506006
264506007
1647000
1647002
394449003
394449004
132415000
132415003
132415004
132415005
132415006
132415009
132415011
132415014
132415015
132415016
132415021
132415023
132415025
132415026
4700001
4700002
4700004
4700005
4700007
266021000
4266006
4266009
4266011
527960001
527960003
135613002
135613004
264957001
3093001
3093002
3093003
263700003
263644000
395665000
395665001
395665004
395665005
526751000
526751004
266151000
2477002
396519001
396519004
396519005
396519006
396519008
488001
526186001
526186003
265743000
265743001
153288005
524431000
524431001
396252002
132510000
132510003
132510004
132510005
3771002
263866000
263866002
262758000
262758002
265234000
265234005
265234006
265234009
265234013
525908000
525908001
394206000
132001002
393267000
393267001
393267003
131504002
2239004
2239007
2239008
2239009
3761002
395634000
423396000
262933002
397375000
397375001
397375002
88109003
266160001
266160002
4576003
4576005
4576006
4576008
4576011
528251001
528251004
528251005
528251006
527220002
2261000
2261002
1955001
1955002
3817000
3817001
3867002
3867003
400002
349647001
265971000
265971001
394677000
394677002
529215002
525777000
525777001
525777002
397681000
397681001
397681003
397681005
134863005
134863006
134863008
528033001
528033002
262682001
262682002
262682004
262682005
262682006
262682007
262682010
262682013
262682015
262682017
262682020
526091000
526091003
265050001
281101000
281101002
132987002
263520001
263520002
263520003
265108001
262391004
394157000
693001
693002
266892000
266892003
262896003
262896004
135356000
135356002
527553000
528257001
133750001
395831000
395831002
265096004
132317002
396269001
396269005
396269006
134689000
134689001
134689003
134689005
134689006
134689007
395903000
395903001
395903002
306638001
524459001
350341002
350341005
396496000
396496004
396496006
396496007
396496008
